0.02
0.015
1e-3
0.005
0.01
2
3
2
0.025
0.75
0.75
0.0375
12
0.50
0.10
0.50
0.10
3
-40
3
-40
3
10
50
25
0.045
2
-65
71
140
-100
37.5
96520
1.25
0.5
.1
15
0
0
0
5
1
0.83
0.03
2.3
6.9
1.72
100
175
250
3.5
1.7
3.5
0.8
300
0.64
3.4
50
1.5e4
4e4
1e3
1.0
0.05
70
50
300
300
3
1.0
1.0
1.0
100
100
350
350
6
6
50
50
1.0
5e-4
2.5e-4
1.0
1.0
100
100
.0001
1.0
150
150
.0002
0.1
1.0
.0002
.0002
1.0
0.02
1.0
0.02
50
50
0.0005
1.0
6.0
1.0
6.0
300
300
3
-46
-6
0.05
0.01
0.04
1
-50
2
0.2
0.5
0.25
3
-51
-5.5
0.05
0.01
0.04
1
-50
2
0.2
0.75
0.35
1
-5
-5
0.5
4
0.25
1
-65
15
0.5
1
100
4
-60
-8.4
0.5
1
.25
2
-73
10
0.5
0
1e3
4
-40
-8
0.85
0
0.2
2
-50
8
0.5
1.5
0.3
4
-50
-8
0.85
0
0.2
2
-60
8
0.5
1.5
0.3
12
-10
6
-3
-30
-120
-45
-40
1.5e0
1e-1
2e-2
1.5e0
50
2.5e10
2
-45
-4
0.5
2.0
2.0
1e31
2e-1
5
2
8
2
-30
-7
0.1
5.0
2.0
1
-60
5.0
0.5
1
25
2
0
-8
0.5
3
2.0
1
-40
9
0.5
1
50
2
-14
-6.5
0.2
5
1
1
-40
10
0.5
1
50
2
5
-8
0.5
2.0
2.0
1
-82
4
0.005
0
10
1
-90
4
0.005
0
10
75e-6
0.6
0.005
250
0.1
